TP:	306
FP:	1039
TN:	14976
FN:	1114
FPR:	0.06487667811426788
Precision:	0.2275092936802974
Recall/TPR:	0.21549295774647886
F1-score:	0.2213381555153707
MCC:	0.15439754671596348
