TP:	519
FP:	517
TN:	27949
FN:	2842
FPR:	0.01816201784585119
Precision:	0.500965250965251
Recall/TPR:	0.15441832787860757
F1-score:	0.2360700477598363
MCC:	0.23597300754427067
