TP:	320
FP:	766
TN:	15249
FN:	1100
FPR:	0.04783015922572588
Precision:	0.2946593001841621
Recall/TPR:	0.22535211267605634
F1-score:	0.2553870710295291
MCC:	0.20090891227066648
