TP:	434
FP:	1408
TN:	14607
FN:	986
FPR:	0.08791757727130815
Precision:	0.23561346362649294
Recall/TPR:	0.3056338028169014
F1-score:	0.26609442060085836
MCC:	0.19372639097124258
