TP:	183
FP:	454
TN:	15561
FN:	1237
FPR:	0.028348423353106462
Precision:	0.28728414442700156
Recall/TPR:	0.1288732394366197
F1-score:	0.17792902284880893
MCC:	0.14654885387437502
