TP:	162
FP:	214
TN:	16238
FN:	1287
FPR:	0.013007537077558959
Precision:	0.4308510638297872
Recall/TPR:	0.11180124223602485
F1-score:	0.17753424657534247
MCC:	0.1879099949529566
