TP:	197
FP:	263
TN:	15752
FN:	1223
FPR:	0.01642210427724009
Precision:	0.4282608695652174
Recall/TPR:	0.1387323943661972
F1-score:	0.2095744680851064
MCC:	0.20873094176154822
